1748420114276 0.14896 0
1748420232828 0.23714 1
1748420353643 0.26871 2
1748420472866 0.28116 3
1748420592196 0.27678 4
1748420712067 0.29781 5
1748420828040 0.30591 6
1748420946317 0.28532 7
1748421064280 0.34662 8
1748421181669 0.32595 9
1748421299709 0.31415 10
1748421418043 0.34896 11
1748421536799 0.38021 12
1748421653474 0.37938 13
1748421771989 0.38391 14
1748421890828 0.39087 15
1748422008301 0.42633 16
1748422126636 0.41243 17
1748422243801 0.40596 18
1748422361303 0.36255 19
1748422477818 0.39093 20
1748422595234 0.39287 21
1748422712885 0.44699 22
1748422829897 0.44283 23
1748422947152 0.45237 24
1748423063632 0.39916 25
1748423181342 0.43181 26
1748423299519 0.48481 27
1748423415607 0.49014 28
1748423532437 0.46175 29
1748423650848 0.46023 30
1748423768504 0.3942 31
1748423885705 0.4456 32
1748424004187 0.45152 33
1748424120908 0.384 34
1748424239387 0.46536 35
1748424356564 0.39997 36
1748424474290 0.47421 37
1748424591592 0.47364 38
1748424709603 0.479 39
1748424826918 0.45591 40
1748424945883 0.5111 41
1748425063602 0.50481 42
1748425181879 0.49559 43
1748425299468 0.5247 44
1748425417252 0.50947 45
1748425534050 0.47079 46
1748425652302 0.46474 47
1748425770594 0.4536 48
1748425886014 0.45373 49
1748426003215 0.49919 50
1748426120983 0.48631 51
1748426236726 0.4998 52
1748426355209 0.48731 53
1748426471682 0.46333 54
1748426589380 0.50949 55
1748426707100 0.50354 56
1748426825216 0.50047 57
1748426942914 0.51016 58
1748427060096 0.51487 59
1748427177292 0.48764 60
1748427294168 0.51419 61
1748427411769 0.52888 62
1748427530243 0.52707 63
1748427645697 0.50713 64
1748427763349 0.50581 65
1748427879918 0.51468 66
1748427996972 0.51262 67
1748428114918 0.52259 68
1748428232766 0.54211 69
1748428351038 0.54312 70
1748428468392 0.54255 71
1748428585456 0.52763 72
1748428704120 0.52127 73
1748428821248 0.53399 74
1748428939083 0.52983 75
1748429057218 0.54419 76
1748429174784 0.54009 77
1748429292967 0.53104 78
1748429411021 0.54025 79
1748429528362 0.54219 80
1748429646754 0.54956 81
1748429763442 0.5516 82
1748429881355 0.5485 83
1748429999206 0.56043 84
1748430116916 0.57164 85
1748430234933 0.56791 86
1748430352410 0.55983 87
1748430468194 0.54984 88
1748430585804 0.55057 89
1748430701785 0.55441 90
1748430818021 0.55351 91
1748430934200 0.54854 92
1748431050244 0.5367 93
1748431168561 0.53849 94
1748431285254 0.54477 95
1748431401750 0.54793 96
1748431517906 0.54368 97
1748431633331 0.54689 98
1748431748518 0.54778 99
1748431766488 0.5675990616410437 99
