1748420114276 0.11343 0
1748420232828 0.15968 1
1748420353643 0.1829 2
1748420472866 0.1976 3
1748420592196 0.18145 4
1748420712067 0.20144 5
1748420828040 0.1844 6
1748420946317 0.18957 7
1748421064280 0.24114 8
1748421181669 0.21754 9
1748421299709 0.21981 10
1748421418043 0.22685 11
1748421536799 0.25486 12
1748421653474 0.26029 13
1748421771989 0.26056 14
1748421890828 0.27367 15
1748422008301 0.29322 16
1748422126636 0.28656 17
1748422243801 0.27987 18
1748422361303 0.24237 19
1748422477818 0.26989 20
1748422595234 0.26966 21
1748422712885 0.30028 22
1748422829897 0.3093 23
1748422947152 0.32358 24
1748423063632 0.27229 25
1748423181342 0.29984 26
1748423299519 0.33731 27
1748423415607 0.33864 28
1748423532437 0.31963 29
1748423650848 0.32167 30
1748423768504 0.27139 31
1748423885705 0.29595 32
1748424004187 0.31088 33
1748424120908 0.2666 34
1748424239387 0.31349 35
1748424356564 0.27891 36
1748424474290 0.34516 37
1748424591592 0.33238 38
1748424709603 0.34175 39
1748424826918 0.319 40
1748424945883 0.36275 41
1748425063602 0.35933 42
1748425181879 0.35819 43
1748425299468 0.37824 44
1748425417252 0.36543 45
1748425534050 0.34399 46
1748425652302 0.33317 47
1748425770594 0.31751 48
1748425886014 0.32395 49
1748426003215 0.36231 50
1748426120983 0.3481 51
1748426236726 0.35357 52
1748426355209 0.34079 53
1748426471682 0.33368 54
1748426589380 0.37193 55
1748426707100 0.3657 56
1748426825216 0.35573 57
1748426942914 0.36052 58
1748427060096 0.36478 59
1748427177292 0.34851 60
1748427294168 0.36425 61
1748427411769 0.38208 62
1748427530243 0.38431 63
1748427645697 0.36539 64
1748427763349 0.36497 65
1748427879918 0.38043 66
1748427996972 0.3721 67
1748428114918 0.37601 68
1748428232766 0.38541 69
1748428351038 0.38677 70
1748428468392 0.38083 71
1748428585456 0.37831 72
1748428704120 0.3771 73
1748428821248 0.39028 74
1748428939083 0.39162 75
1748429057218 0.40153 76
1748429174784 0.39754 77
1748429292967 0.39109 78
1748429411021 0.403 79
1748429528362 0.4014 80
1748429646754 0.40141 81
1748429763442 0.40278 82
1748429881355 0.39791 83
1748429999206 0.4056 84
1748430116916 0.4079 85
1748430234933 0.41277 86
1748430352410 0.41265 87
1748430468194 0.40531 88
1748430585804 0.40238 89
1748430701785 0.40898 90
1748430818021 0.4095 91
1748430934200 0.39988 92
1748431050244 0.39391 93
1748431168561 0.39351 94
1748431285254 0.40064 95
1748431401750 0.40038 96
1748431517906 0.39571 97
1748431633331 0.40155 98
1748431748518 0.39985 99
1748431766488 0.4122243422127479 99
