1748420114276 0.01206 0
1748420232828 0.77196 1
1748420353643 0.66178 2
1748420472866 0.53451 3
1748420592196 0.58442 4
1748420712067 0.32471 5
1748420828040 0.3607 6
1748420946317 0.3248 7
1748421064280 0.46421 8
1748421181669 0.51421 9
1748421299709 0.49582 10
1748421418043 0.63521 11
1748421536799 0.60046 12
1748421653474 0.61213 13
1748421771989 0.70394 14
1748421890828 0.43187 15
1748422008301 0.69015 16
1748422126636 0.40161 17
1748422243801 0.61896 18
1748422361303 0.41702 19
1748422477818 0.58489 20
1748422595234 0.41131 21
1748422712885 0.67382 22
1748422829897 0.46507 23
1748422947152 0.70431 24
1748423063632 0.58506 25
1748423181342 0.66867 26
1748423299519 0.51704 27
1748423415607 0.52768 28
1748423532437 0.53745 29
1748423650848 0.54621 30
1748423768504 0.41214 31
1748423885705 0.57779 32
1748424004187 0.56004 33
1748424120908 0.41569 34
1748424239387 0.60496 35
1748424356564 0.48584 36
1748424474290 0.72319 37
1748424591592 0.57555 38
1748424709603 0.52312 39
1748424826918 0.52618 40
1748424945883 0.53536 41
1748425063602 0.64481 42
1748425181879 0.61651 43
1748425299468 0.58246 44
1748425417252 0.69006 45
1748425534050 0.55866 46
1748425652302 0.68567 47
1748425770594 0.56186 48
1748425886014 0.61108 49
1748426003215 0.57994 50
1748426120983 0.5355 51
1748426236726 0.64747 52
1748426355209 0.59699 53
1748426471682 0.61436 54
1748426589380 0.58188 55
1748426707100 0.55677 56
1748426825216 0.65643 57
1748426942914 0.57535 58
1748427060096 0.59253 59
1748427177292 0.60999 60
1748427294168 0.6717 61
1748427411769 0.55852 62
1748427530243 0.53821 63
1748427645697 0.54138 64
1748427763349 0.56956 65
1748427879918 0.63005 66
1748427996972 0.58268 67
1748428114918 0.59219 68
1748428232766 0.69058 69
1748428351038 0.65239 70
1748428468392 0.7779 71
1748428585456 0.60396 72
1748428704120 0.65903 73
1748428821248 0.70463 74
1748428939083 0.59685 75
1748429057218 0.62269 76
1748429174784 0.72331 77
1748429292967 0.73855 78
1748429411021 0.71819 79
1748429528362 0.74034 80
1748429646754 0.65428 81
1748429763442 0.74965 82
1748429881355 0.72566 83
1748429999206 0.62113 84
1748430116916 0.66737 85
1748430234933 0.67257 86
1748430352410 0.69696 87
1748430468194 0.65867 88
1748430585804 0.73307 89
1748430701785 0.7067 90
1748430818021 0.73575 91
1748430934200 0.72766 92
1748431050244 0.74517 93
1748431168561 0.77292 94
1748431285254 0.68891 95
1748431401750 0.74185 96
1748431517906 0.71816 97
1748431633331 0.74712 98
1748431748518 0.73358 99
1748431766488 0.671614402803647 99
