1748420114276 0.58928 0
1748420232828 0.08685 1
1748420353643 0.2155 2
1748420472866 0.29264 3
1748420592196 0.30421 4
1748420712067 0.35335 5
1748420828040 0.29632 6
1748420946317 0.29824 7
1748421064280 0.33734 8
1748421181669 0.34192 9
1748421299709 0.35717 10
1748421418043 0.31238 11
1748421536799 0.34201 12
1748421653474 0.33842 13
1748421771989 0.30499 14
1748421890828 0.40822 15
1748422008301 0.35376 16
1748422126636 0.4554 17
1748422243801 0.38061 18
1748422361303 0.38001 19
1748422477818 0.36915 20
1748422595234 0.40531 21
1748422712885 0.36215 22
1748422829897 0.45708 23
1748422947152 0.38531 24
1748423063632 0.36724 25
1748423181342 0.38475 26
1748423299519 0.47107 27
1748423415607 0.46807 28
1748423532437 0.44055 29
1748423650848 0.43442 30
1748423768504 0.41118 31
1748423885705 0.39098 32
1748424004187 0.41998 33
1748424120908 0.44039 34
1748424239387 0.40262 35
1748424356564 0.38894 36
1748424474290 0.38893 37
1748424591592 0.42535 38
1748424709603 0.49358 39
1748424826918 0.46714 40
1748424945883 0.48873 41
1748425063602 0.46153 42
1748425181879 0.46143 43
1748425299468 0.49196 44
1748425417252 0.43646 45
1748425534050 0.45949 46
1748425652302 0.40902 47
1748425770594 0.45373 48
1748425886014 0.37599 49
1748426003215 0.47357 50
1748426120983 0.45705 51
1748426236726 0.46461 52
1748426355209 0.47547 53
1748426471682 0.39731 54
1748426589380 0.47691 55
1748426707100 0.48302 56
1748426825216 0.42195 57
1748426942914 0.47596 58
1748427060096 0.51686 59
1748427177292 0.40411 60
1748427294168 0.43717 61
1748427411769 0.48797 62
1748427530243 0.5024 63
1748427645697 0.50659 64
1748427763349 0.45678 65
1748427879918 0.4484 66
1748427996972 0.50639 67
1748428114918 0.47463 68
1748428232766 0.48896 69
1748428351038 0.48469 70
1748428468392 0.43356 71
1748428585456 0.50302 72
1748428704120 0.45956 73
1748428821248 0.46985 74
1748428939083 0.51312 75
1748429057218 0.5307 76
1748429174784 0.47426 77
1748429292967 0.44297 78
1748429411021 0.47438 79
1748429528362 0.48004 80
1748429646754 0.49558 81
1748429763442 0.47799 82
1748429881355 0.49417 83
1748429999206 0.53416 84
1748430116916 0.52017 85
1748430234933 0.52246 86
1748430352410 0.51026 87
1748430468194 0.49577 88
1748430585804 0.47212 89
1748430701785 0.49114 90
1748430818021 0.47311 91
1748430934200 0.46207 92
1748431050244 0.45601 93
1748431168561 0.44088 94
1748431285254 0.46884 95
1748431401750 0.45356 96
1748431517906 0.45781 97
1748431633331 0.45979 98
1748431748518 0.4656 99
1748431766488 0.5221145260548442 99
