1748521480083 1.07364 0
1748521734132 0.9887 1
1748521979920 1.09114 2
1748522224064 1.09377 3
1748522466694 1.10874 4
1748522707101 1.14931 5
1748522945934 1.10693 6
1748523184941 1.08847 7
1748523423943 1.06578 8
1748523665084 1.03795 9
1748523912279 1.08298 10
1748524154805 1.03084 11
1748524398393 1.01156 12
1748524639082 0.99935 13
1748524879532 0.99913 14
1748525120709 0.97917 15
1748525359922 0.95735 16
1748525600068 0.94079 17
1748525839857 0.94795 18
1748526079218 0.95477 19
1748526319026 0.89633 20
1748526558439 0.87114 21
1748526795361 0.88698 22
1748527030718 0.91825 23
1748527266588 0.85455 24
1748527501596 0.86445 25
1748527739026 0.85242 26
1748527977239 0.878 27
1748528214351 0.82346 28
1748528450381 0.84152 29
1748528687636 0.82425 30
1748528924401 0.79656 31
1748529162164 0.78985 32
1748529398683 0.76255 33
1748529636506 0.76163 34
1748529874381 0.78776 35
1748530112703 0.7834 36
1748530349570 0.76168 37
1748530586194 0.75792 38
1748530823770 0.74619 39
1748531059563 0.72421 40
1748531297302 0.75675 41
1748531535064 0.71229 42
1748531772497 0.71801 43
1748532011826 0.71651 44
1748532248574 0.70532 45
1748532484589 0.70428 46
1748532721353 0.69602 47
1748532958516 0.70044 48
1748533193695 0.67591 49
1748533431364 0.67549 50
1748533670249 0.67896 51
1748533908857 0.65072 52
1748534146866 0.6854 53
1748534382825 0.6697 54
1748534616904 0.64308 55
1748534850916 0.64897 56
1748535084183 0.64263 57
1748535319031 0.64199 58
1748535553757 0.63886 59
1748535791135 0.6213 60
1748536025297 0.62074 61
1748536259192 0.62526 62
1748536492854 0.62775 63
1748536725835 0.59423 64
1748536959422 0.62211 65
1748537193918 0.59989 66
1748537427911 0.57436 67
1748537662138 0.59209 68
1748537895334 0.57793 69
1748538130222 0.58049 70
1748538363514 0.57239 71
1748538597290 0.56662 72
1748538831672 0.5705 73
1748539067001 0.5642 74
1748539301112 0.56838 75
1748539535301 0.57404 76
1748539768822 0.54629 77
1748540002922 0.5493 78
1748540236982 0.5338 79
1748540470737 0.52162 80
1748540704851 0.52596 81
1748540938186 0.54391 82
1748541172263 0.53025 83
1748541405804 0.53079 84
1748541640058 0.51316 85
1748541873626 0.51876 86
1748542107445 0.51967 87
1748542340328 0.51512 88
1748542575292 0.4999 89
1748542809443 0.49208 90
1748543043468 0.48321 91
1748543276916 0.48391 92
1748543510033 0.46239 93
1748543745064 0.4422 94
1748543978513 0.45797 95
1748544211751 0.45056 96
1748544444479 0.44209 97
1748544677915 0.4287 98
1748544910952 0.43648 99
