1748521480083 3.86876 0
1748521734132 2.02038 1
1748521979920 1.88032 2
1748522224064 1.75072 3
1748522466694 1.76606 4
1748522707101 1.71568 5
1748522945934 1.69281 6
1748523184941 1.56067 7
1748523423943 1.47008 8
1748523665084 1.39154 9
1748523912279 1.41546 10
1748524154805 1.37841 11
1748524398393 1.26963 12
1748524639082 1.22694 13
1748524879532 1.26609 14
1748525120709 1.23567 15
1748525359922 1.22977 16
1748525600068 1.12859 17
1748525839857 1.10387 18
1748526079218 1.09351 19
1748526319026 1.0805 20
1748526558439 0.98763 21
1748526795361 1.00758 22
1748527030718 1.02429 23
1748527266588 0.95194 24
1748527501596 0.95047 25
1748527739026 0.94098 26
1748527977239 0.92388 27
1748528214351 0.8738 28
1748528450381 0.88243 29
1748528687636 0.85103 30
1748528924401 0.8471 31
1748529162164 0.84405 32
1748529398683 0.80728 33
1748529636506 0.76147 34
1748529874381 0.77005 35
1748530112703 0.77002 36
1748530349570 0.73948 37
1748530586194 0.72447 38
1748530823770 0.74381 39
1748531059563 0.69847 40
1748531297302 0.74064 41
1748531535064 0.68256 42
1748531772497 0.68881 43
1748532011826 0.65403 44
1748532248574 0.64641 45
1748532484589 0.63268 46
1748532721353 0.63358 47
1748532958516 0.65433 48
1748533193695 0.62057 49
1748533431364 0.6278 50
1748533670249 0.61432 51
1748533908857 0.58834 52
1748534146866 0.61759 53
1748534382825 0.58584 54
1748534616904 0.5742 55
1748534850916 0.57931 56
1748535084183 0.53738 57
1748535319031 0.54827 58
1748535553757 0.55163 59
1748535791135 0.54428 60
1748536025297 0.53417 61
1748536259192 0.52839 62
1748536492854 0.54134 63
1748536725835 0.50534 64
1748536959422 0.50464 65
1748537193918 0.51199 66
1748537427911 0.47952 67
1748537662138 0.4937 68
1748537895334 0.48355 69
1748538130222 0.47328 70
1748538363514 0.47871 71
1748538597290 0.46865 72
1748538831672 0.48249 73
1748539067001 0.45557 74
1748539301112 0.45904 75
1748539535301 0.46135 76
1748539768822 0.44408 77
1748540002922 0.4356 78
1748540236982 0.4252 79
1748540470737 0.42078 80
1748540704851 0.42881 81
1748540938186 0.43826 82
1748541172263 0.43489 83
1748541405804 0.42692 84
1748541640058 0.41574 85
1748541873626 0.41099 86
1748542107445 0.40725 87
1748542340328 0.40493 88
1748542575292 0.39169 89
1748542809443 0.3605 90
1748543043468 0.34454 91
1748543276916 0.33138 92
1748543510033 0.31878 93
1748543745064 0.31489 94
1748543978513 0.31611 95
1748544211751 0.31494 96
1748544444479 0.31406 97
1748544677915 0.30741 98
1748544910952 0.30423 99
