1748521480083 1.20519 0
1748521734132 1.1535 1
1748521979920 1.19585 2
1748522224064 1.24262 3
1748522466694 1.23583 4
1748522707101 1.25465 5
1748522945934 1.22803 6
1748523184941 1.22203 7
1748523423943 1.22476 8
1748523665084 1.18844 9
1748523912279 1.20163 10
1748524154805 1.17807 11
1748524398393 1.14563 12
1748524639082 1.15034 13
1748524879532 1.16626 14
1748525120709 1.16727 15
1748525359922 1.13735 16
1748525600068 1.12981 17
1748525839857 1.12638 18
1748526079218 1.13068 19
1748526319026 1.1074 20
1748526558439 1.08376 21
1748526795361 1.07884 22
1748527030718 1.09437 23
1748527266588 1.06055 24
1748527501596 1.08554 25
1748527739026 1.08538 26
1748527977239 1.07951 27
1748528214351 1.05241 28
1748528450381 1.0585 29
1748528687636 1.04695 30
1748528924401 1.03757 31
1748529162164 1.04222 32
1748529398683 1.0358 33
1748529636506 1.03058 34
1748529874381 1.02952 35
1748530112703 1.01393 36
1748530349570 1.00925 37
1748530586194 1.01908 38
1748530823770 1.00704 39
1748531059563 0.99874 40
1748531297302 1.01819 41
1748531535064 0.99239 42
1748531772497 0.97669 43
1748532011826 0.97008 44
1748532248574 0.99478 45
1748532484589 0.99244 46
1748532721353 0.97056 47
1748532958516 0.99093 48
1748533193695 0.98646 49
1748533431364 0.97136 50
1748533670249 0.96758 51
1748533908857 0.9755 52
1748534146866 0.98163 53
1748534382825 0.97505 54
1748534616904 0.96212 55
1748534850916 0.9613 56
1748535084183 0.96757 57
1748535319031 0.95348 58
1748535553757 0.95446 59
1748535791135 0.95221 60
1748536025297 0.95629 61
1748536259192 0.95416 62
1748536492854 0.94862 63
1748536725835 0.94075 64
1748536959422 0.94521 65
1748537193918 0.94022 66
1748537427911 0.92755 67
1748537662138 0.94285 68
1748537895334 0.93254 69
1748538130222 0.93748 70
1748538363514 0.93856 71
1748538597290 0.92208 72
1748538831672 0.93046 73
1748539067001 0.92384 74
1748539301112 0.92042 75
1748539535301 0.928 76
1748539768822 0.92015 77
1748540002922 0.90837 78
1748540236982 0.91834 79
1748540470737 0.90955 80
1748540704851 0.90639 81
1748540938186 0.91829 82
1748541172263 0.91825 83
1748541405804 0.90421 84
1748541640058 0.89896 85
1748541873626 0.90723 86
1748542107445 0.90147 87
1748542340328 0.90755 88
1748542575292 0.89847 89
1748542809443 0.86791 90
1748543043468 0.86295 91
1748543276916 0.85527 92
1748543510033 0.8483 93
1748543745064 0.83889 94
1748543978513 0.84423 95
1748544211751 0.84422 96
1748544444479 0.82736 97
1748544677915 0.83944 98
1748544910952 0.83233 99
