1748420097823 0.00019992 0
1748420215742 0.000404129117 1
1748420337360 0.000604214884 2
1748420456414 0.000800177301 3
1748420576156 0.0008000131999999999 4
1748420695441 0.0008000131999999999 5
1748420812105 0.0007917665 6
1748420930255 0.0007835197999999999 7
1748421047937 0.0007752731 8
1748421165625 0.0007670264 9
1748421283656 0.0007587797 10
1748421402079 0.000750533 11
1748421520469 0.0007422863 12
1748421637521 0.0007340396 13
1748421755918 0.0007257928999999999 14
1748421874879 0.0007175462 15
1748421992338 0.0007092995 16
1748422110799 0.0007010528 17
1748422228066 0.0006928061 18
1748422345636 0.0006845594000000001 19
1748422462119 0.0006763127 20
1748422579368 0.000668066 21
1748422697040 0.0006598193 22
1748422814002 0.0006515726 23
1748422931149 0.0006433259 24
1748423047880 0.0006350791999999999 25
1748423165708 0.0006268325 26
1748423283680 0.0006185858 27
1748423399623 0.0006103391 28
1748423516735 0.0006020924 29
1748423635227 0.0005938457 30
1748423752775 0.0005855989999999999 31
1748423870160 0.0005773522999999999 32
1748423988750 0.0005691056 33
1748424105175 0.0005608588999999999 34
1748424223677 0.0005526121999999999 35
1748424340922 0.0005443655 36
1748424458455 0.0005361188 37
1748424575857 0.0005278721 38
1748424693893 0.0005196254 39
1748424811397 0.0005113787 40
1748424930083 0.000503132 41
1748425047944 0.0004948853 42
1748425166341 0.00048663860000000005 43
1748425283724 0.00047839190000000003 44
1748425401568 0.0004701452 45
1748425518367 0.0004618985 46
1748425636438 0.00045365180000000007 47
1748425754867 0.00044540510000000004 48
1748425870334 0.0004371584 49
1748425987706 0.0004289117 50
1748426105308 0.00042066499999999997 51
1748426221114 0.00041241829999999995 52
1748426339519 0.0004041716 53
1748426456049 0.0003959249 54
1748426573834 0.0003876782 55
1748426691473 0.00037943149999999996 56
1748426809608 0.00037118479999999994 57
1748426927425 0.0003629381 58
1748427044439 0.00035469140000000005 59
1748427161658 0.00034644470000000003 60
1748427278704 0.000338198 61
1748427395763 0.0003299513 62
1748427513441 0.00032170459999999996 63
1748427630020 0.0003134579 64
1748427747725 0.0003052112 65
1748427864192 0.0002969645 66
1748427981290 0.00028871779999999997 67
1748428099078 0.00028047109999999994 68
1748428216962 0.0002722244 69
1748428335130 0.00026397770000000006 70
1748428452788 0.00025573100000000004 71
1748428569820 0.0002474843 72
1748428688479 0.0002392376 73
1748428805317 0.00023099090000000002 74
1748428923289 0.00022274420000000002 75
1748429041284 0.0002144975 76
1748429159106 0.00020625079999999997 77
1748429277288 0.00019800409999999998 78
1748429395195 0.00018975739999999998 79
1748429512698 0.00018151069999999998 80
1748429630971 0.00017326399999999996 81
1748429747605 0.00016501729999999994 82
1748429865823 0.00015677060000000005 83
1748429983253 0.00014852390000000002 84
1748430101091 0.00014027720000000003 85
1748430219034 0.00013203050000000003 86
1748430336734 0.0001237838 87
1748430452443 0.00011553710000000001 88
1748430570281 0.0001072904 89
1748430685849 9.904369999999997e-05 90
1748430802364 9.079699999999998e-05 91
1748430918607 8.255029999999997e-05 92
1748431034608 7.430359999999997e-05 93
1748431152711 6.605689999999995e-05 94
1748431269736 5.781020000000004e-05 95
1748431386169 4.9563500000000035e-05 96
1748431502145 4.131680000000003e-05 97
1748431617538 3.307010000000002e-05 98
1748431732804 2.4823400000000017e-05 99
