1748420097823 1.11128 0
1748420215742 1.07913 1
1748420337360 1.14939 2
1748420456414 1.13433 3
1748420576156 1.1365 4
1748420695441 1.14978 5
1748420812105 1.13326 6
1748420930255 1.09871 7
1748421047937 1.06679 8
1748421165625 1.06523 9
1748421283656 1.0779 10
1748421402079 1.08465 11
1748421520469 1.05571 12
1748421637521 1.0243 13
1748421755918 1.01229 14
1748421874879 1.01191 15
1748421992338 0.97888 16
1748422110799 0.9969 17
1748422228066 0.98725 18
1748422345636 0.99673 19
1748422462119 0.94656 20
1748422579368 0.94962 21
1748422697040 0.94986 22
1748422814002 0.9614 23
1748422931149 0.90639 24
1748423047880 0.92741 25
1748423165708 0.92356 26
1748423283680 0.9135 27
1748423399623 0.88667 28
1748423516735 0.89727 29
1748423635227 0.89892 30
1748423752775 0.87584 31
1748423870160 0.87077 32
1748423988750 0.85222 33
1748424105175 0.82927 34
1748424223677 0.87578 35
1748424340922 0.85429 36
1748424458455 0.85426 37
1748424575857 0.83047 38
1748424693893 0.81148 39
1748424811397 0.79104 40
1748424930083 0.81961 41
1748425047944 0.78793 42
1748425166341 0.79353 43
1748425283724 0.80328 44
1748425401568 0.78776 45
1748425518367 0.80884 46
1748425636438 0.78617 47
1748425754867 0.80367 48
1748425870334 0.76759 49
1748425987706 0.7524 50
1748426105308 0.77926 51
1748426221114 0.73199 52
1748426339519 0.77011 53
1748426456049 0.75287 54
1748426573834 0.71989 55
1748426691473 0.73257 56
1748426809608 0.72604 57
1748426927425 0.73758 58
1748427044439 0.71955 59
1748427161658 0.705 60
1748427278704 0.71307 61
1748427395763 0.73239 62
1748427513441 0.72072 63
1748427630020 0.68552 64
1748427747725 0.72798 65
1748427864192 0.70419 66
1748427981290 0.67668 67
1748428099078 0.68647 68
1748428216962 0.6851 69
1748428335130 0.66981 70
1748428452788 0.68368 71
1748428569820 0.68019 72
1748428688479 0.68332 73
1748428805317 0.66745 74
1748428923289 0.66251 75
1748429041284 0.68536 76
1748429159106 0.63822 77
1748429277288 0.6516 78
1748429395195 0.62961 79
1748429512698 0.62903 80
1748429630971 0.62029 81
1748429747605 0.64919 82
1748429865823 0.63434 83
1748429983253 0.6428 84
1748430101091 0.62168 85
1748430219034 0.6254 86
1748430336734 0.63047 87
1748430452443 0.62422 88
1748430570281 0.59247 89
1748430685849 0.60296 90
1748430802364 0.59263 91
1748430918607 0.59321 92
1748431034608 0.5697 93
1748431152711 0.54017 94
1748431269736 0.55305 95
1748431386169 0.55971 96
1748431502145 0.56276 97
1748431617538 0.53733 98
1748431732804 0.53551 99
