1748420097823 3.47158 0
1748420215742 2.58165 1
1748420337360 2.35364 2
1748420456414 2.25172 3
1748420576156 2.15236 4
1748420695441 2.07032 5
1748420812105 1.96635 6
1748420930255 1.88429 7
1748421047937 1.83885 8
1748421165625 1.74436 9
1748421283656 1.80838 10
1748421402079 1.79833 11
1748421520469 1.67548 12
1748421637521 1.60483 13
1748421755918 1.57791 14
1748421874879 1.6088 15
1748421992338 1.5323 16
1748422110799 1.46799 17
1748422228066 1.43915 18
1748422345636 1.3964 19
1748422462119 1.37555 20
1748422579368 1.33221 21
1748422697040 1.32245 22
1748422814002 1.31809 23
1748422931149 1.23931 24
1748423047880 1.32705 25
1748423165708 1.25874 26
1748423283680 1.23059 27
1748423399623 1.163 28
1748423516735 1.16187 29
1748423635227 1.15682 30
1748423752775 1.12279 31
1748423870160 1.12041 32
1748423988750 1.11105 33
1748424105175 1.04322 34
1748424223677 1.08306 35
1748424340922 1.05795 36
1748424458455 1.04867 37
1748424575857 1.02393 38
1748424693893 1.00228 39
1748424811397 0.95968 40
1748424930083 1.01386 41
1748425047944 0.93953 42
1748425166341 0.92361 43
1748425283724 0.90967 44
1748425401568 0.90421 45
1748425518367 0.92746 46
1748425636438 0.8923 47
1748425754867 0.89712 48
1748425870334 0.86338 49
1748425987706 0.88936 50
1748426105308 0.86865 51
1748426221114 0.80556 52
1748426339519 0.83765 53
1748426456049 0.79804 54
1748426573834 0.80191 55
1748426691473 0.77178 56
1748426809608 0.75996 57
1748426927425 0.77467 58
1748427044439 0.7645 59
1748427161658 0.75884 60
1748427278704 0.72981 61
1748427395763 0.75351 62
1748427513441 0.74711 63
1748427630020 0.71072 64
1748427747725 0.70961 65
1748427864192 0.73574 66
1748427981290 0.68547 67
1748428099078 0.69784 68
1748428216962 0.69518 69
1748428335130 0.67053 70
1748428452788 0.67926 71
1748428569820 0.64715 72
1748428688479 0.67979 73
1748428805317 0.66473 74
1748428923289 0.64307 75
1748429041284 0.67129 76
1748429159106 0.62459 77
1748429277288 0.62092 78
1748429395195 0.60955 79
1748429512698 0.60665 80
1748429630971 0.61191 81
1748429747605 0.63208 82
1748429865823 0.62265 83
1748429983253 0.60911 84
1748430101091 0.59246 85
1748430219034 0.59266 86
1748430336734 0.59236 87
1748430452443 0.58795 88
1748430570281 0.55788 89
1748430685849 0.57531 90
1748430802364 0.55603 91
1748430918607 0.5307 92
1748431034608 0.51054 93
1748431152711 0.50359 94
1748431269736 0.50555 95
1748431386169 0.49971 96
1748431502145 0.48965 97
1748431617538 0.48874 98
1748431732804 0.48381 99
