1748420097823 1.15787 0
1748420215742 1.16725 1
1748420337360 1.19862 2
1748420456414 1.2203 3
1748420576156 1.19841 4
1748420695441 1.19947 5
1748420812105 1.20052 6
1748420930255 1.1795 7
1748421047937 1.172 8
1748421165625 1.15946 9
1748421283656 1.16069 10
1748421402079 1.18409 11
1748421520469 1.15472 12
1748421637521 1.1445 13
1748421755918 1.14509 14
1748421874879 1.1545 15
1748421992338 1.11508 16
1748422110799 1.13049 17
1748422228066 1.1223 18
1748422345636 1.11486 19
1748422462119 1.1022 20
1748422579368 1.10658 21
1748422697040 1.0924 22
1748422814002 1.09122 23
1748422931149 1.06333 24
1748423047880 1.09422 25
1748423165708 1.08992 26
1748423283680 1.07118 27
1748423399623 1.06401 28
1748423516735 1.06339 29
1748423635227 1.06304 30
1748423752775 1.05373 31
1748423870160 1.06001 32
1748423988750 1.05663 33
1748424105175 1.04422 34
1748424223677 1.05375 35
1748424340922 1.03714 36
1748424458455 1.04126 37
1748424575857 1.042 38
1748424693893 1.02379 39
1748424811397 1.00953 40
1748424930083 1.03357 41
1748425047944 1.01286 42
1748425166341 0.99401 43
1748425283724 0.99086 44
1748425401568 1.02249 45
1748425518367 1.02094 46
1748425636438 0.99256 47
1748425754867 1.02406 48
1748425870334 1.01509 49
1748425987706 0.99735 50
1748426105308 0.9946 51
1748426221114 1.00108 52
1748426339519 0.9996 53
1748426456049 1.00049 54
1748426573834 0.98075 55
1748426691473 0.98341 56
1748426809608 0.98707 57
1748426927425 0.98412 58
1748427044439 0.98198 59
1748427161658 0.97908 60
1748427278704 0.99276 61
1748427395763 0.98434 62
1748427513441 0.98193 63
1748427630020 0.96927 64
1748427747725 0.97542 65
1748427864192 0.97583 66
1748427981290 0.96025 67
1748428099078 0.96808 68
1748428216962 0.96711 69
1748428335130 0.95915 70
1748428452788 0.97658 71
1748428569820 0.95257 72
1748428688479 0.966 73
1748428805317 0.95274 74
1748428923289 0.94716 75
1748429041284 0.96272 76
1748429159106 0.94876 77
1748429277288 0.93963 78
1748429395195 0.94699 79
1748429512698 0.94468 80
1748429630971 0.93467 81
1748429747605 0.94868 82
1748429865823 0.9483 83
1748429983253 0.93665 84
1748430101091 0.93018 85
1748430219034 0.93165 86
1748430336734 0.93165 87
1748430452443 0.93739 88
1748430570281 0.92164 89
1748430685849 0.90076 90
1748430802364 0.89835 91
1748430918607 0.89237 92
1748431034608 0.88036 93
1748431152711 0.86809 94
1748431269736 0.87302 95
1748431386169 0.87918 96
1748431502145 0.86301 97
1748431617538 0.8683 98
1748431732804 0.86415 99
