1748521516400 0.23498 0
1748521761932 0.21539 1
1748522005902 0.16343 2
1748522249697 0.18584 3
1748522492783 0.11446 4
1748522732376 0.18393 5
1748522971398 0.1756 6
1748523210227 0.21782 7
1748523450356 0.23137 8
1748523691236 0.24421 9
1748523938154 0.23303 10
1748524180982 0.23406 11
1748524425144 0.23715 12
1748524665971 0.27558 13
1748524904955 0.26805 14
1748525145839 0.26531 15
1748525385377 0.23054 16
1748525625502 0.23565 17
1748525865309 0.27341 18
1748526104702 0.30491 19
1748526345953 0.26038 20
1748526583565 0.25868 21
1748526820410 0.28917 22
1748527056089 0.30542 23
1748527291541 0.28493 24
1748527526674 0.29709 25
1748527764903 0.3079 26
1748528003316 0.32173 27
1748528239752 0.34142 28
1748528475556 0.31477 29
1748528713045 0.34457 30
1748528949907 0.33811 31
1748529187466 0.33793 32
1748529424076 0.37275 33
1748529662347 0.35431 34
1748529899455 0.36431 35
1748530137807 0.33582 36
1748530374787 0.35911 37
1748530612355 0.36363 38
1748530848641 0.35917 39
1748531084601 0.35844 40
1748531322745 0.37548 41
1748531560479 0.38014 42
1748531798004 0.32476 43
1748532037125 0.34215 44
1748532273609 0.36134 45
1748532509732 0.37237 46
1748532746242 0.35619 47
1748532983507 0.32763 48
1748533218739 0.32583 49
1748533456842 0.35074 50
1748533696487 0.36509 51
1748533934232 0.35013 52
1748534172040 0.34194 53
1748534407581 0.34254 54
1748534641625 0.37127 55
1748534875642 0.36939 56
1748535109850 0.35349 57
1748535343917 0.3657 58
1748535578444 0.36392 59
1748535816908 0.33201 60
1748536049932 0.35254 61
1748536283977 0.36691 62
1748536517550 0.35701 63
1748536750375 0.36328 64
1748536985182 0.37591 65
1748537218576 0.37448 66
1748537452743 0.36703 67
1748537686787 0.36885 68
1748537920308 0.38709 69
1748538155045 0.38244 70
1748538388242 0.37635 71
1748538621958 0.38359 72
1748538856582 0.37289 73
1748539091975 0.36945 74
1748539325967 0.38586 75
1748539560040 0.38173 76
1748539793578 0.38567 77
1748540028532 0.38041 78
1748540261994 0.38624 79
1748540495534 0.38495 80
1748540729628 0.38185 81
1748540963136 0.3969 82
1748541197034 0.38846 83
1748541431239 0.38366 84
1748541664910 0.38396 85
1748541898426 0.37636 86
1748542132285 0.38835 87
1748542365244 0.39301 88
1748542600544 0.39792 89
1748542834626 0.38703 90
1748543068790 0.38484 91
1748543301752 0.38678 92
1748543534925 0.38981 93
1748543770023 0.39425 94
1748544003460 0.39348 95
1748544236576 0.39464 96
1748544469277 0.39476 97
1748544702812 0.39483 98
1748544935859 0.39279 99
1748544962405 0.39756149296491594 99
