1748521516400 0.33991 0
1748521761932 0.31957 1
1748522005902 0.26546 2
1748522249697 0.28844 3
1748522492783 0.1986 4
1748522732376 0.29047 5
1748522971398 0.29436 6
1748523210227 0.32842 7
1748523450356 0.35686 8
1748523691236 0.37391 9
1748523938154 0.36877 10
1748524180982 0.37732 11
1748524425144 0.35863 12
1748524665971 0.42603 13
1748524904955 0.40286 14
1748525145839 0.40527 15
1748525385377 0.36996 16
1748525625502 0.3709 17
1748525865309 0.39941 18
1748526104702 0.43743 19
1748526345953 0.39718 20
1748526583565 0.41352 21
1748526820410 0.41876 22
1748527056089 0.44416 23
1748527291541 0.41958 24
1748527526674 0.4451 25
1748527764903 0.45254 26
1748528003316 0.47016 27
1748528239752 0.49012 28
1748528475556 0.45377 29
1748528713045 0.47966 30
1748528949907 0.47903 31
1748529187466 0.48394 32
1748529424076 0.51491 33
1748529662347 0.50566 34
1748529899455 0.5275 35
1748530137807 0.49845 36
1748530374787 0.52131 37
1748530612355 0.51451 38
1748530848641 0.51125 39
1748531084601 0.5235 40
1748531322745 0.53207 41
1748531560479 0.53959 42
1748531798004 0.47232 43
1748532037125 0.47906 44
1748532273609 0.50994 45
1748532509732 0.51871 46
1748532746242 0.50462 47
1748532983507 0.47143 48
1748533218739 0.46449 49
1748533456842 0.50348 50
1748533696487 0.52036 51
1748533934232 0.50004 52
1748534172040 0.48724 53
1748534407581 0.48302 54
1748534641625 0.51577 55
1748534875642 0.50694 56
1748535109850 0.49986 57
1748535343917 0.51228 58
1748535578444 0.50847 59
1748535816908 0.47319 60
1748536049932 0.50346 61
1748536283977 0.5153 62
1748536517550 0.50382 63
1748536750375 0.51769 64
1748536985182 0.52889 65
1748537218576 0.52789 66
1748537452743 0.51914 67
1748537686787 0.52466 68
1748537920308 0.53937 69
1748538155045 0.53236 70
1748538388242 0.52935 71
1748538621958 0.53726 72
1748538856582 0.5215 73
1748539091975 0.52061 74
1748539325967 0.53186 75
1748539560040 0.52847 76
1748539793578 0.5329 77
1748540028532 0.52526 78
1748540261994 0.53895 79
1748540495534 0.53821 80
1748540729628 0.53126 81
1748540963136 0.54045 82
1748541197034 0.52799 83
1748541431239 0.52922 84
1748541664910 0.53256 85
1748541898426 0.52006 86
1748542132285 0.53425 87
1748542365244 0.54175 88
1748542600544 0.53796 89
1748542834626 0.53053 90
1748543068790 0.53406 91
1748543301752 0.53068 92
1748543534925 0.53785 93
1748543770023 0.5456 94
1748544003460 0.54689 95
1748544236576 0.54265 96
1748544469277 0.5405 97
1748544702812 0.54108 98
1748544935859 0.53732 99
1748544962405 0.537811806216524 99
