1748521516400 0.42641 0
1748521761932 0.59348 1
1748522005902 0.30346 2
1748522249697 0.35176 3
1748522492783 0.24466 4
1748522732376 0.51637 5
1748522971398 0.5178 6
1748523210227 0.48328 7
1748523450356 0.48305 8
1748523691236 0.38493 9
1748523938154 0.5096 10
1748524180982 0.41051 11
1748524425144 0.56913 12
1748524665971 0.40075 13
1748524904955 0.64032 14
1748525145839 0.52784 15
1748525385377 0.42326 16
1748525625502 0.41916 17
1748525865309 0.43327 18
1748526104702 0.51987 19
1748526345953 0.56137 20
1748526583565 0.47422 21
1748526820410 0.51347 22
1748527056089 0.61308 23
1748527291541 0.43242 24
1748527526674 0.65298 25
1748527764903 0.48225 26
1748528003316 0.59699 27
1748528239752 0.65378 28
1748528475556 0.68474 29
1748528713045 0.61064 30
1748528949907 0.57869 31
1748529187466 0.63938 32
1748529424076 0.69108 33
1748529662347 0.66042 34
1748529899455 0.69745 35
1748530137807 0.5915 36
1748530374787 0.63841 37
1748530612355 0.64856 38
1748530848641 0.58879 39
1748531084601 0.63543 40
1748531322745 0.66224 41
1748531560479 0.70995 42
1748531798004 0.61639 43
1748532037125 0.57061 44
1748532273609 0.67445 45
1748532509732 0.71089 46
1748532746242 0.60075 47
1748532983507 0.61359 48
1748533218739 0.55042 49
1748533456842 0.54942 50
1748533696487 0.59099 51
1748533934232 0.6095 52
1748534172040 0.59419 53
1748534407581 0.65839 54
1748534641625 0.64338 55
1748534875642 0.62364 56
1748535109850 0.60188 57
1748535343917 0.63093 58
1748535578444 0.68334 59
1748535816908 0.6059 60
1748536049932 0.57248 61
1748536283977 0.62049 62
1748536517550 0.62764 63
1748536750375 0.63726 64
1748536985182 0.70045 65
1748537218576 0.68107 66
1748537452743 0.59789 67
1748537686787 0.61421 68
1748537920308 0.66156 69
1748538155045 0.65489 70
1748538388242 0.612 71
1748538621958 0.62267 72
1748538856582 0.60995 73
1748539091975 0.65946 74
1748539325967 0.66176 75
1748539560040 0.60215 76
1748539793578 0.6836 77
1748540028532 0.60516 78
1748540261994 0.60861 79
1748540495534 0.58856 80
1748540729628 0.58731 81
1748540963136 0.64668 82
1748541197034 0.61173 83
1748541431239 0.53209 84
1748541664910 0.5355 85
1748541898426 0.52153 86
1748542132285 0.71667 87
1748542365244 0.63497 88
1748542600544 0.59215 89
1748542834626 0.6007 90
1748543068790 0.60534 91
1748543301752 0.54941 92
1748543534925 0.70663 93
1748543770023 0.71619 94
1748544003460 0.69363 95
1748544236576 0.6881 96
1748544469277 0.71468 97
1748544702812 0.69349 98
1748544935859 0.70624 99
1748544962405 0.5872790146476612 99
