1748521516400 0.39117 0
1748521761932 0.31779 1
1748522005902 0.29723 2
1748522249697 0.34681 3
1748522492783 0.29233 4
1748522732376 0.30045 5
1748522971398 0.31658 6
1748523210227 0.37071 7
1748523450356 0.34082 8
1748523691236 0.37021 9
1748523938154 0.36936 10
1748524180982 0.35521 11
1748524425144 0.30088 12
1748524665971 0.42966 13
1748524904955 0.35573 14
1748525145839 0.36858 15
1748525385377 0.39144 16
1748525625502 0.40799 17
1748525865309 0.41154 18
1748526104702 0.4376 19
1748526345953 0.3878 20
1748526583565 0.41552 21
1748526820410 0.4293 22
1748527056089 0.39627 23
1748527291541 0.45271 24
1748527526674 0.39895 25
1748527764903 0.46776 26
1748528003316 0.41295 27
1748528239752 0.42824 28
1748528475556 0.44206 29
1748528713045 0.43215 30
1748528949907 0.45951 31
1748529187466 0.43413 32
1748529424076 0.453 33
1748529662347 0.44084 34
1748529899455 0.44214 35
1748530137807 0.46532 36
1748530374787 0.50177 37
1748530612355 0.46585 38
1748530848641 0.48883 39
1748531084601 0.45773 40
1748531322745 0.46857 41
1748531560479 0.48304 42
1748531798004 0.47517 43
1748532037125 0.49455 44
1748532273609 0.49199 45
1748532509732 0.49512 46
1748532746242 0.51313 47
1748532983507 0.39768 48
1748533218739 0.44448 49
1748533456842 0.47303 50
1748533696487 0.47912 51
1748533934232 0.46345 52
1748534172040 0.46592 53
1748534407581 0.43666 54
1748534641625 0.48013 55
1748534875642 0.50346 56
1748535109850 0.49066 57
1748535343917 0.46328 58
1748535578444 0.44761 59
1748535816908 0.43498 60
1748536049932 0.48651 61
1748536283977 0.49566 62
1748536517550 0.45725 63
1748536750375 0.46639 64
1748536985182 0.45041 65
1748537218576 0.48842 66
1748537452743 0.49435 67
1748537686787 0.48199 68
1748537920308 0.49173 69
1748538155045 0.49286 70
1748538388242 0.5033 71
1748538621958 0.49219 72
1748538856582 0.5025 73
1748539091975 0.47336 74
1748539325967 0.47364 75
1748539560040 0.51496 76
1748539793578 0.47904 77
1748540028532 0.50509 78
1748540261994 0.5149 79
1748540495534 0.51118 80
1748540729628 0.52861 81
1748540963136 0.48843 82
1748541197034 0.48362 83
1748541431239 0.54064 84
1748541664910 0.53153 85
1748541898426 0.53562 86
1748542132285 0.46059 87
1748542365244 0.50437 88
1748542600544 0.51472 89
1748542834626 0.51275 90
1748543068790 0.5016 91
1748543301752 0.51566 92
1748543534925 0.46537 93
1748543770023 0.46659 94
1748544003460 0.49011 95
1748544236576 0.49199 96
1748544469277 0.49002 97
1748544702812 0.49174 98
1748544935859 0.47901 99
1748544962405 0.5132430686506892 99
