1748521480083 0.00019992 0
1748521734132 0.000404129117 1
1748521979920 0.000604214884 2
1748522224064 0.000800177301 3
1748522466694 0.0008000131999999999 4
1748522707101 0.0008000131999999999 5
1748522945934 0.0007917665 6
1748523184941 0.0007835197999999999 7
1748523423943 0.0007752731 8
1748523665084 0.0007670264 9
1748523912279 0.0007587797 10
1748524154805 0.000750533 11
1748524398393 0.0007422863 12
1748524639082 0.0007340396 13
1748524879532 0.0007257928999999999 14
1748525120709 0.0007175462 15
1748525359922 0.0007092995 16
1748525600068 0.0007010528 17
1748525839857 0.0006928061 18
1748526079218 0.0006845594000000001 19
1748526319026 0.0006763127 20
1748526558439 0.000668066 21
1748526795361 0.0006598193 22
1748527030718 0.0006515726 23
1748527266588 0.0006433259 24
1748527501596 0.0006350791999999999 25
1748527739026 0.0006268325 26
1748527977239 0.0006185858 27
1748528214351 0.0006103391 28
1748528450381 0.0006020924 29
1748528687636 0.0005938457 30
1748528924401 0.0005855989999999999 31
1748529162164 0.0005773522999999999 32
1748529398683 0.0005691056 33
1748529636506 0.0005608588999999999 34
1748529874381 0.0005526121999999999 35
1748530112703 0.0005443655 36
1748530349570 0.0005361188 37
1748530586194 0.0005278721 38
1748530823770 0.0005196254 39
1748531059563 0.0005113787 40
1748531297302 0.000503132 41
1748531535064 0.0004948853 42
1748531772497 0.00048663860000000005 43
1748532011826 0.00047839190000000003 44
1748532248574 0.0004701452 45
1748532484589 0.0004618985 46
1748532721353 0.00045365180000000007 47
1748532958516 0.00044540510000000004 48
1748533193695 0.0004371584 49
1748533431364 0.0004289117 50
1748533670249 0.00042066499999999997 51
1748533908857 0.00041241829999999995 52
1748534146866 0.0004041716 53
1748534382825 0.0003959249 54
1748534616904 0.0003876782 55
1748534850916 0.00037943149999999996 56
1748535084183 0.00037118479999999994 57
1748535319031 0.0003629381 58
1748535553757 0.00035469140000000005 59
1748535791135 0.00034644470000000003 60
1748536025297 0.000338198 61
1748536259192 0.0003299513 62
1748536492854 0.00032170459999999996 63
1748536725835 0.0003134579 64
1748536959422 0.0003052112 65
1748537193918 0.0002969645 66
1748537427911 0.00028871779999999997 67
1748537662138 0.00028047109999999994 68
1748537895334 0.0002722244 69
1748538130222 0.00026397770000000006 70
1748538363514 0.00025573100000000004 71
1748538597290 0.0002474843 72
1748538831672 0.0002392376 73
1748539067001 0.00023099090000000002 74
1748539301112 0.00022274420000000002 75
1748539535301 0.0002144975 76
1748539768822 0.00020625079999999997 77
1748540002922 0.00019800409999999998 78
1748540236982 0.00018975739999999998 79
1748540470737 0.00018151069999999998 80
1748540704851 0.00017326399999999996 81
1748540938186 0.00016501729999999994 82
1748541172263 0.00015677060000000005 83
1748541405804 0.00014852390000000002 84
1748541640058 0.00014027720000000003 85
1748541873626 0.00013203050000000003 86
1748542107445 0.0001237838 87
1748542340328 0.00011553710000000001 88
1748542575292 0.0001072904 89
1748542809443 9.904369999999997e-05 90
1748543043468 9.079699999999998e-05 91
1748543276916 8.255029999999997e-05 92
1748543510033 7.430359999999997e-05 93
1748543745064 6.605689999999995e-05 94
1748543978513 5.781020000000004e-05 95
1748544211751 4.9563500000000035e-05 96
1748544444479 4.131680000000003e-05 97
1748544677915 3.307010000000002e-05 98
1748544910952 2.4823400000000017e-05 99
